55	45  0	12	5   0	1  0	1  0	14	15	25	5	25	-1	-1	7   0	30	-1	-1 0	-1	-1
-1	-1  0	85	55  0	15 0	15 0	75	70	85	65	85	-1	-1	-1  0	-1	-1	-1 0	-1	-1
65	55  0	18	6   0	1  0	1  0	20	32	35	6	35	-1	-1	9   0	35	-1	-1 0	-1	-1
70	65  0	35	6   0	1  0	1  0	45	45	55	4	28	-1	-1	10  0	35	-1	-1 0	-1	-1
-1	-1  0	85	55  0	15 0	15 0	75	70	85	65	85	-1	-1	-1  0	-1	1	5  0	10	1
75	70  0	40	6   0	1  0	1  0	45	45	55	5	30	-1	-1	10  0	40	-1	-1 0	-1	-1
-1	-1  0	105	85  0	55 0	45 0	105	105	105	105	105	-1	-1	-1  0	-1	10	45 0	35	10
105	95  0	45	8   0	1  0	1  0	45	45	55	7	35	-1	-1	12  0	45	-1	-1 0	-1	-1
-1	-1  0	125	105 0	75 0	55 0	125	115	125	115	125	-1	-1	-1  0	-1	15	50 0	40	15
125	115 0	65	10  0	1  0	1  0	65	65	75	17	55	-1	-1	22  0	55	-1	-1 0	-1	-1
-1	-1  0	-1	-1  0	-1 0	-1 0	-1	-1	-1	-1	-1	-1	-1	-1  0	-1	-1	-1 0	-1	-1
90	85  0	80	70  0	45 0	40 0	70	75	80	75	80	-1	-1	-1  0	-1	40	65 0	55	60
95	90  0	90	80  0	55 0	50 0	80	80	85	85	90	-1	-1	-1  0	-1	55	85 0	60	85
105	105 0	60	25  0	10 0	5  0	50	50	55	45	55	65	75	120 0	120	-1	-1 0	-1	-1
-1	-1  0	-1	-1  0	-1 0	-1 0	-1	-1	-1	-1	-1	100	100	120 0	120	-1	-1 0	-1	-1
-1	-1  0	-1	-1  0	-1 0	-1 0	-1	-1	-1	-1	-1	55	100	100 0	100	-1	-1 0	-1	-1
110	110 0	105	105 0	95 0	90 0	105	105	105	95	105	-1	-1	-1  0	-1	75	85 0	95	95
-1	-1  0	55	55  0 	25 0	20 0	60	65	65	25	65	-1	-1	-1  0	-1	25	55 0	25	25
75	75  0 	30	6   0	1  0	1  0	20	25	35	6	35	-1	-1	65  0	95	-1	-1 0	-1	-1
-1	-1  0	-1	-1  0	-1 0	-1 0	-1	-1	-1	-1	-1	-1	-1	-1  0	-1	-1	-1 0	-1	-1
95	90  0	90	80  0	55 0	50 0	80	80	85	85	90	-1	-1	-1  0	-1	50	95 0	95	95
-1	-1  0	-1	-1  0	-1 0	-1 0	-1	-1	-1	-1	-1	-1	-1	-1  0	-1	-1	-1 0	-1	90
-1	-1  0	-1	-1  0	-1 0	-1 0	-1	-1	-1	-1	-1	55	65	115 0	115	-1	-1 0	-1	-1
-1	-1  0	-1	-1  0	-1 0	-1 0	-1	-1	-1	-1	-1	-1	-1	-1  0	-1	-1	-1 0	-1	-1
-1	-1  0	-1	-1  0	-1 0	-1 0	-1	-1	-1	-1	-1	-1	-1	-1  0	-1	55	25 0	95	55